4
7 8 9 10 
2
0 1 
0

7
1 2 3 4 5 6 7 
3
1 2 3 
8
1 2 3 4 5 6 7 8 
1
5 
5
0 4 5 6 7 
7
0 1 2 3 4 5 6 
5
0 1 2 3 4 
8
0 1 2 3 4 5 6 7 
8
0 1 2 3 4 5 6 7 
0

5
2 3 4 5 6 
2
5 6 
10
2 3 4 5 6 7 8 9 10 11 
7
2 3 4 5 6 7 8 
1
0 
4
0 1 3 4 
2
1 2 
0

2
0 4 
2
0 1 
7
0 1 3 4 5 8 9 
6
0 1 4 5 6 7 
4
0 1 2 3 
7
1 2 3 4 5 6 7 
0

1
0 
2
0 1 
0

8
0 1 2 4 5 9 10 11 
6
0 1 2 3 4 5 
3
6 7 8 
7
0 1 2 3 4 5 6 
0

8
0 1 2 3 4 5 6 7 
0

2
0 1 
4
0 2 3 6 
0

8
0 2 3 4 5 6 7 10 
4
0 1 2 3 
0

3
0 1 3 
1
2 
5
0 1 2 3 4 
0

0

4
0 1 2 4 
